11
9
15
13
15
8
10
14
9
9
10
12
12
12
14
12
10
8
20
13
14
20
8
18
20
13
14
10
9
16
10
10
20
17
14
16
10
12
13
15
13
9
17
12
13
11
8
15
21
20
14
13
19
13
12
14
14
13
8
15
17
21
9
13
17
13
10
14
9
9
11
13
15
21
13
9
14
14
8
16
14
11
10
13
13
18
13
13
8
13
12
9
9
11
12
19
14
8
14
14
16
16
14
10
9
13
20
12
14
9
21
11
21
13
21
13
14
19
10
15
16
15
9
21
18
8
13
8
8
19
21
18
16
10
12
20
11
16
19
10
14
14
16
8
12
18
12
19
9
9
19
13
14
14
9
16
19
13
15
18
10
21
19
19
21
16
15
21
20
17
12
20
10
18
18
16
19
11
15
8
20
10
8
14
11
8
18
19
16
8
8
14
15
12
11
18
8
13
17
13
18
13
10
17
14
16
20
20
14
19
15
13
9
16
9
9
16
21
14
11
19
18
13
14
15
11
16
15
15
13
11
16
11
17
14
17
20
17
19
10
9
20
9
15
15
14
11
9
9
20
9
13
19
16
12
15
15
21
20
9
18
8
21
13
13
19
16
9
8
11
17
20
8
9
8
20
19
10
10
21
9
14
11
19
12
14
21
9
17
15
21
16
18
15
16
17
15
10
13
13
21
16
21
8
9
21
10
14
20
15
20
9
18
21
15
21
8
10
13
13
13
13
21
16
16
17
15
12
20
21
16
12
9
20
10
16
16
10
12
20
20
11
12
17
13
13
10
19
8
19
12
8
18
17
14
21
11
19
10
12
20
16
14
14
15
16
13
14
13
16
20
20
10
12
20
11
17
13
13
12
15
10
14
19
12
19
16
13
18
21
14
20
8
13
15
21
10
12
13
19
16
21
8
17
21
9
10
14
17
16
21
10
12
21
9
13
14
14
17
13
20
20
10
14
20
10
21
8
13
18
10
20
12
10
14
20
16
9
21
10
15
9
18
9
12
10
19
13
16
12
19
20
12
16
15
18
19
19
15
14
13
14
14
11
16
21
17
18
10
9
11
10
11
15
11
9
8
14
12
9
18
13
13
10
17
18
17
13
20
21
12
15
8
16
19
14
9
9
9
9
19
18
15
18
16
17
13
16
17
12
21
10
9
10
14
10
12
13
15
10
19
13
15
16
12
20
15
9
10
15
14
14
19
16
14
18
9
13
17
19
15
17
15
14
11
11
15
9
21
11
8
21
12
11
13
14
14
10
21
13
10
17
21
15
18
16
15
10
17
8
14
11
11
18
16
8
15
9
21
20
11
11
21
21
10
11
16
16
8
11
18
